000000000000000000000000
000000000000000000000000
000000000000000000000000
000000000000000000000000
000000000000000000000000
000001111111111111100000
000001111111111111100000
000001111111111111100000
000001110011110011100000
000001110011110011100000
000001111111111111100000
000001111111111111100000
000001111111111111100000
000001111111111111100000
000001111000000111100000
000001111000000111100000
000001111111111111100000
000001111111111111100000
000001111111111111100000
000000000000000000000000
000000000000000000000000
000000000000000000000000
000000000000000000000000
000000000000000000000000
