000000000000000000000000
000000000001000000000000
000000000010100000000000
000000000100010000000000
000000000100010000000000
000000000100010000000000
000000000100010000000000
000000000100010000000000
000000000100010000000000
000000000100010000000000
000000000100010000000000
000000000100010000000000
000000000100010000000000
000000000100010000000000
000000000100010000000000
000111111100011111110000
000010000000000000100000
000001111111111111000000
000000000010100000000000
000000000010100000000000
000000000010100000000000
000000000010100000000000
000000000100010000000000
000000000011100000000000
